792070839848372253127
489526700523968661124
302544139324403592003
186982561199565069121
115561578124838522882
71420983074726546239
44140595050111976643
27280388024614569596
16860207025497407047
10420180999117162549
6440026026380244498
3980154972736918051
2459871053643326447
1520283919093591604
939587134549734843
580696784543856761
358890350005878082
221806434537978679
137083915467899403
84722519070079276
52361396397820127
32361122672259149
20000273725560978
12360848946698171
7639424778862807
4721424167835364
2918000611027443
1803423556807921
1114577054219522
688846502588399
425730551631123
263115950957276
162614600673847
100501350283429
62113250390418
38388099893011
23725150497407
14662949395604
9062201101803
5600748293801
3461452808002
2139295485799
1322157322203
817138163596
505019158607
312119004989
192900153618
119218851371
73681302247
45537549124
28143753123
17393796001
10749957122
6643838879
4106118243
2537720636
1568397607
969323029
599074578
370248451
228826127
141422324
87403803
54018521
33385282
20633239
12752043
7881196
4870847
3010349
1860498
1149851
710647
439204
271443
167761
103682
64079
39603
24476
15127
9349
5778
3571
2207
1364
843
521
322
199
123
76
47
29
18
11
7
4
3
1
2