53324762928098149064722658
28992087708416717612934417
15762679542071167858843489
8569995677610263592944752
4659412488735286161146176
2533271375725618104752561
1377311813149359327046015
748829299860308729347600
407130262715950048358946
221352250573100549339469
120346786571258131649185
65431225571591367370292
35574238430251050319992
19341322569415713958901
10515664571924603091399
5717251288910733269692
3108406708580377597810
1690006574433492223897
918838005896863447985
499562128250021925928
271606440286606849984
147669437360234672073
80286250603180403871
43650752323191774040
23732434433862494162
12903063846126135669
7015254043203144209
3814116544533214284
2073693258389777176
1127444240280152749
612979045863284359
333269972246340068
181195222170528322
98513851446415969
53560898629395777
29120472094716576
15832480722303616
8607945812375585
4680045560037375
2544489349890656
1383410902447554
752145307699165
408933139743937
222332455004452
120879712950776
65720971788709
35731770264967
19426970897100
10562230626642
5742568741225
3122171529233
1697490356184
922906855808
501774317241
272809183135
148323355432
80641778674
43844049029
23837527729
12960201916
7046319384
3831006429
2082876103
1132436852
615693474
334745777
181997601
98950096
53798080
29249425
15902591
8646064
4700770
2555757
1389537
755476
410744
223317
121415
66012
35890
19513
10609
5768
3136
1705
927
504
274
149
81
44
24
13
7
4
2
1
1
0
0